# Surface vertex ID -> Volume vertex ID mapping
# Format: surface_id volume_id
# Mapping from surface OBJ vertices to tetrahedral VTK vertices
# based on spatial proximity
0 0
1 1
2 2
3 3
4 4
5 5
6 6
7 7
8 8
9 9
10 10
11 11
12 12
13 13
14 14
15 15
16 16
17 17
18 18
19 19
20 20
21 21
22 22
23 23
24 24
25 25
26 26
27 27
28 28
29 29
30 30
31 31
32 32
33 33
34 34
35 35
36 36
37 37
38 38
39 39
40 40
41 41
42 42
43 43
44 44
45 45
46 46
47 47
48 48
49 49
50 50
51 51
52 52
53 53
54 54
55 55
56 56
57 57
58 58
59 59
60 403
61 404
62 405
63 406
64 407
65 409
66 410
67 413
68 414
69 415
70 416
71 419
72 420
73 421
74 422
75 423
76 424
77 426
78 428
79 429
80 432
81 434
82 435
83 436
84 437
85 438
86 439
87 440
88 441
89 444
90 445
91 446
92 448
93 449
94 451
95 452
96 453
97 454
98 455
99 456
100 457
101 459
102 460
103 461
104 462
105 463
106 464
107 466
108 471
109 473
110 483
111 484
112 496
113 498
114 499
115 500
116 501
117 502
118 504
119 506
120 507
121 511
122 512
123 514
124 519
125 522
126 523
127 527
128 529
129 530
130 531
131 532
132 535
133 536
134 537
135 538
136 541
137 543
138 545
139 548
140 549
141 550
142 553
143 554
144 555
145 557
146 558
147 560
148 561
149 562
150 564
151 565
152 566
153 567
154 568
155 569
156 570
157 574
158 575
159 578
160 579
161 580
162 581
163 582
164 583
165 584
166 585
167 586
168 587
169 588
170 589
171 590
172 591
173 592
174 593
175 594
176 595
177 597
178 598
179 599
180 602
181 603
182 604
183 605
184 606
185 607
186 608
187 610
188 611
189 614
190 616
191 617
192 620
193 623
194 624
195 626
196 627
197 628
198 630
199 631
200 632
201 633
202 635
203 638
204 639
205 640
206 641
207 642
208 643
209 644
210 645
211 647
212 648
213 649
214 650
215 653
216 654
217 656
218 659
219 662
220 666
221 667
222 670
223 671
224 672
225 675
226 676
227 689
228 692
229 693
230 695
231 701
232 702
233 705
234 706
235 717
236 719
237 721
238 726
239 731
240 736
241 739
242 747
243 748
244 749
245 750
246 751
247 752
248 756
249 759
250 760
251 763
252 764
253 765
254 766
255 767
256 770
257 771
258 773
259 774
260 775
261 776
262 777
263 778
264 779
265 781
266 782
267 784
268 786
269 789
270 790
271 791
272 792
273 793
274 794
275 795
276 796
277 800
278 801
279 804
280 806
281 809
282 811
283 814
284 815
285 819
286 822
287 824
288 825
289 827
290 828
291 831
292 832
293 833
294 836
295 837
296 839
297 841
298 842
299 844
300 845
301 846
302 847
303 848
304 849
305 850
306 851
307 852
308 854
309 855
310 856
311 857
312 858
313 859
314 860
315 861
316 862
317 863
318 865
319 866
320 867
321 868
322 870
323 871
324 872
325 873
326 874
327 875
328 876
329 878
330 879
331 880
332 881
333 882
334 883
335 884
336 885
337 886
338 887
339 888
340 890
341 891
342 892
343 893
344 894
345 895
346 896
347 906
348 910
349 911
350 913
351 916
352 923
353 925
354 926
355 931
356 937
357 960
358 961
359 963
360 966
361 973
362 976
363 981
364 984
365 987
366 993
367 1002
368 1003
369 1005
370 1008
371 1010
372 1012
373 1028
374 1041
375 1044
376 1055
377 1057
378 1059
379 1063
380 1068
381 1079
382 1083
383 1093
384 1101
385 1113
386 1137
387 1139
388 1150
389 1154
390 1166
391 1169
392 1180
393 1182
394 1183
395 1186
396 1188
397 1190
398 1191
399 1196
400 1198
401 1202
402 1205
403 1206
404 1207
405 1211
406 1212
407 1213
408 1214
409 1216
410 1217
411 1218
412 1219
413 1220
414 1221
415 1222
416 1223
417 1224
418 1225
419 1226
420 1227
421 1228
422 1229
423 1230
424 1231
425 1232
426 1233
427 1234
428 1235
429 1236
430 1237
431 1238
432 1239
433 1240
434 1241
435 1242
436 1243
437 1244
438 1246
439 1247
440 1248
441 1252
442 1253
443 1254
444 1255
445 1256
446 1257
447 1258
448 1259
449 1260
450 1261
451 1262
452 1263
453 1265
454 1266
455 1267
456 1268
457 1269
458 1270
459 1273
460 1293
461 1294
462 1295
463 1299
464 1300
465 1301
466 1302
467 1303
468 1304
469 1305
470 1306
471 1307
472 1308
473 1310
474 1312
475 1313
476 1314
477 1315
478 1345
479 1359
480 1360
481 1362
482 1363
483 1364
484 1365
485 1366
486 1367
487 1368
488 1369
489 1370
490 1371
491 1372
492 1373
493 1374
494 1375
495 1376
496 1377
497 1380
498 1382
499 1384
500 1385
501 1387
502 1388
503 1389
504 1391
505 1393
506 1394
507 1395
508 1427
509 1428
510 1429
511 1430
512 1431
513 1432
514 1434
515 1436
516 1437
517 1438
518 1439
519 1440
520 1441
521 1442
522 1443
523 1446
524 1447
525 1448
526 1449
527 1450
528 1451
529 1452
530 1481
531 1482
532 1483
533 1484
534 1485
535 1486
536 1487
537 1488
538 1489
539 1490
540 1491
541 1492
542 1493
543 1494
544 1495
545 1496
546 1497
547 1499
548 1500
549 1501
550 1502
551 1503
552 1504
553 1505
554 1506
555 1507
556 1508
557 1509
558 1510
559 1511
560 1512
561 1513
562 1515
563 1554
564 1555
565 1556
566 1557
567 1558
568 1559
569 1560
570 1561
571 1562
572 1581
573 1582
574 1583
575 1584
576 1585
577 1604
578 1605
579 1606
580 1612
581 1613
582 1615
583 1636
584 1637
585 1638
586 1639
587 1640
588 1641
589 1642
590 1643
591 1644
592 1645
593 1646
594 1647
595 1648
596 1649
597 1650
598 1651
599 1652
600 1653
601 1654
602 1655
603 1656
604 1657
605 1673
606 1676
607 1678
608 1679
609 1680
610 1681
611 1682
612 1683
613 1685
614 1686
615 1687
616 1688
617 1689
618 1690
619 1691
620 1700
621 1702
622 1704
623 1706
624 1707
625 1709
626 1710
627 1711
628 1714
629 1715
630 1717
631 1718
632 1719
633 1720
634 1721
635 1722
636 1723
637 1724
638 1725
639 1726
640 1727
641 1729
642 1731
643 1732
644 1733
645 1734
646 1735
647 1736
648 1737
649 1756
650 1757
651 1758
652 1759
653 1760
654 1761
655 1762
656 1763
657 1764
658 1765
659 1766
660 1767
661 1768
662 1770
663 1771
664 1772
665 1773
666 1774
667 1776
668 1777
669 1778
670 1779
671 1780
672 1781
673 1782
674 1783
675 1784
676 1785
677 1786
678 1787
679 1788
680 1789
681 1790
682 1791
683 1797
