# Surface vertex ID -> Volume vertex ID mapping
# Format: surface_id volume_id
# Mapping from surface OBJ vertices to tetrahedral VTK vertices
# based on spatial proximity
0 0
1 1
2 2
3 3
4 4
5 5
6 6
7 7
8 8
9 9
10 10
11 11
12 12
13 13
14 14
15 15
16 16
17 18
18 19
19 20
20 21
21 22
22 23
23 24
24 25
25 26
26 27
27 28
28 29
29 30
30 31
31 32
32 33
33 34
34 35
35 36
36 37
37 38
38 39
39 40
40 41
41 43
42 44
43 45
44 46
45 47
46 48
47 49
48 50
49 51
50 52
51 53
52 54
53 55
54 56
55 57
56 58
57 59
58 60
59 61
60 62
61 63
62 64
63 65
64 66
65 67
66 68
67 70
68 71
69 72
70 73
71 74
72 75
73 76
74 77
75 78
76 79
77 80
78 82
79 83
80 84
81 85
82 87
83 88
84 89
85 90
86 91
87 92
88 93
89 94
90 96
91 97
92 99
93 100
94 101
95 102
96 103
97 104
98 105
99 106
100 107
101 108
102 109
103 110
104 111
105 112
106 113
107 114
108 115
109 116
110 118
111 119
112 120
113 121
114 122
115 123
116 124
117 125
118 126
119 127
120 128
121 129
122 130
123 131
124 134
125 135
126 136
127 137
128 138
129 140
130 141
131 142
132 143
133 144
134 145
135 146
136 147
137 148
138 149
139 150
140 151
141 152
142 153
143 154
144 155
145 156
146 157
147 158
148 159
149 160
150 161
151 162
152 163
153 164
154 165
155 166
156 167
157 168
158 169
159 170
160 171
161 172
162 173
163 174
164 175
165 176
166 177
167 178
168 179
169 180
170 181
171 182
172 183
173 184
174 185
175 186
176 187
177 188
178 189
179 190
180 191
181 192
182 193
183 194
184 195
185 196
186 197
187 198
188 199
189 200
190 201
191 202
192 203
193 204
194 205
195 206
196 207
197 208
198 209
199 210
200 211
201 212
202 213
203 214
204 215
205 216
206 217
207 218
208 219
209 220
210 221
211 222
212 223
213 224
214 225
215 226
216 227
217 228
218 229
219 230
220 231
221 232
222 233
223 234
224 235
225 236
226 237
227 238
228 239
229 240
230 241
231 242
232 243
233 244
234 245
235 246
236 247
237 248
238 249
239 250
240 251
241 252
242 253
243 254
244 255
245 256
246 257
247 258
248 259
249 260
250 261
251 262
252 263
253 264
254 265
255 266
256 267
257 268
258 269
259 270
260 271
261 272
262 273
263 274
264 275
265 276
266 277
267 279
268 281
269 282
270 283
271 284
272 285
273 286
274 287
275 288
276 289
277 290
278 291
279 292
280 293
281 294
282 295
283 296
284 298
285 299
286 300
287 301
288 302
289 304
290 305
291 307
292 308
293 310
294 311
295 312
296 313
297 314
298 315
299 316
300 317
301 318
302 319
303 320
304 321
305 322
306 324
307 325
308 326
309 327
310 328
311 329
312 330
313 331
314 332
315 333
316 334
317 335
318 336
319 337
320 338
321 340
322 341
323 342
324 343
325 344
326 345
327 346
328 347
329 348
330 349
331 350
332 351
333 352
334 353
335 354
336 356
337 357
338 358
339 359
340 360
341 361
342 362
343 363
344 364
345 365
346 366
347 367
348 368
349 369
350 370
351 371
352 373
353 375
354 376
355 377
356 378
357 379
358 380
359 381
360 382
361 383
362 384
363 385
364 386
365 387
366 389
367 390
368 391
369 393
370 394
371 395
372 396
373 397
374 399
375 400
376 401
377 402
378 403
379 405
380 406
381 407
382 408
383 690
384 859
385 871
386 881
387 889
388 982
389 983
390 985
391 987
392 992
393 997
394 1000
395 1001
396 1003
397 1004
398 1005
399 1006
400 1007
401 1008
402 1014
