# Surface vertex ID -> Volume vertex ID mapping
# Format: surface_id volume_id
# Mapping from surface OBJ vertices to tetrahedral VTK vertices
# based on spatial proximity
0 0
1 1
2 2
3 3
4 4
5 5
6 6
7 7
8 8
9 9
10 10
11 11
12 12
13 13
14 14
15 15
16 16
17 17
18 18
19 19
20 20
21 21
22 22
23 23
24 24
25 25
26 26
27 27
28 28
29 29
30 30
31 32
32 33
33 34
34 35
35 36
36 37
37 38
38 39
39 40
40 41
41 42
42 43
43 44
44 45
45 46
46 47
47 48
48 49
49 50
50 51
51 52
52 53
53 54
54 55
55 56
56 57
57 58
58 59
59 60
60 61
61 62
62 63
63 64
64 65
65 66
66 67
67 68
68 69
69 70
70 71
71 72
72 73
73 74
74 75
75 76
76 77
77 78
78 79
79 80
80 81
81 82
82 83
83 84
84 85
85 86
86 88
87 89
88 90
89 92
90 93
91 94
92 95
93 96
94 97
95 98
96 99
97 100
98 101
99 102
100 103
101 104
102 105
103 106
104 107
105 108
106 109
107 110
108 111
109 113
110 114
111 115
112 116
113 117
114 118
115 119
116 120
117 121
118 122
119 123
120 124
121 125
122 128
123 129
124 130
125 131
126 132
127 134
128 135
129 136
130 138
131 139
132 141
133 142
134 143
135 144
136 145
137 146
138 147
139 148
140 150
141 151
142 152
143 153
144 154
145 155
146 156
147 157
148 158
149 159
150 160
151 161
152 162
153 163
154 164
155 165
156 166
157 167
158 168
159 169
160 170
161 171
162 172
163 173
164 174
165 175
166 176
167 177
168 178
169 179
170 180
171 181
172 182
173 183
174 184
175 185
176 186
177 187
178 188
179 189
180 190
181 191
182 192
183 193
184 194
185 195
186 196
187 197
188 198
189 199
190 200
191 201
192 202
193 203
194 204
195 205
196 206
197 207
198 208
199 209
200 210
201 211
202 212
203 213
204 214
205 215
206 216
207 217
208 218
209 219
210 220
211 221
212 222
213 223
214 224
215 225
216 226
217 227
218 228
219 229
220 230
221 231
222 232
223 233
224 234
225 235
226 236
227 237
228 238
229 239
230 240
231 241
232 242
233 243
234 244
235 245
236 246
237 247
238 248
239 249
240 250
241 251
242 252
243 253
244 254
245 255
246 256
247 257
248 258
249 259
250 260
251 261
252 262
253 263
254 264
255 265
256 266
257 267
258 268
259 269
260 270
261 271
262 272
263 273
264 274
265 275
266 276
267 277
268 278
269 279
270 280
271 281
272 282
273 283
274 284
275 285
276 286
277 287
278 288
279 289
280 290
281 291
282 292
283 293
284 294
285 295
286 296
287 297
288 298
289 299
290 300
291 301
292 302
293 303
294 304
295 305
296 306
297 307
298 308
299 309
300 310
301 311
302 312
303 313
304 314
305 315
306 316
307 317
308 318
309 319
310 320
311 321
312 322
313 323
314 324
315 325
316 326
317 327
318 328
319 329
320 330
321 331
322 332
323 333
324 334
325 335
326 336
327 337
328 338
329 339
330 340
331 341
332 342
333 343
334 344
335 345
336 346
337 347
338 348
339 349
340 350
341 351
342 352
343 353
344 354
345 355
346 356
347 357
348 358
349 359
350 360
351 361
352 362
353 363
354 364
355 365
356 366
357 367
358 368
359 369
360 370
361 371
362 372
363 373
364 374
365 375
366 376
367 377
368 378
369 379
370 380
371 381
372 382
373 383
374 384
375 385
376 386
377 387
378 388
379 389
380 390
381 391
382 392
383 783
384 967
385 970
386 971
387 972
388 976
389 983
390 984
391 986
392 987
393 988
394 989
395 991
396 993
397 995
